11
8
10
10
2
8
8
10
10
1
2
0
8
2
2
2
11
0
0
9
8
2
11
10
10
10
10
6
3
1
1
9
7
10
9
1
7
6
8
7
2
3
2
10
9
0
8
4
4
4
4
10
8
0
11
9
11
10
4
4
10
4
4
4
4
4
4
4
4
6
4
2
5
3
2
2
10
11
5
11
3
3
10
11
1
4
4
9
0
10
10
0
10
8
1
1
8
4
1
1
1
9
3
11
4
10
10
4
4
8
1
8
2
2
2
9
9
8
1
11
9
11
11
11
11
10
0
6
8
4
10
6
8
11
11
10
10
11
6
8
1
5
8
9
11
5
5
11
4
1
1
0
10
1
8
0
8
8
11
11
2
11
9
4
4
4
4
10
4
6
6
4
8
6
11
10
11
11
4
5
8
11
8
8
8
7
6
6
4
9
10
10
8
5
10
6
10
2
1
8
1
4
3
4
8
6
8
10
6
11
7
11
8
11
6
4
3
9
8
3
11
6
9
8
10
1
7
8
10
1
11
11
11
8
8
8
2
8
6
8
8
11
6
2
6
6
6
6
6
10
6
11
11
4
2
6
4
2
9
11
2
6
7
11
8
8
10
8
1
9
11
11
6
6
8
8
11
6
11
8
0
1
0
8
9
6
8
1
8
1
1
11
8
8
9
10
8
9
7
11
2
5
8
10
1
8
10
0
8
8
1
4
2
8
11
10
5
1
8
11
10
4
9
10
10
1
8
10
2
10
11
5
3
10
11
2
9
1
10
6
2
10
10
6
9
6
8
11
8
5
8
8
3
1
10
11
1
6
0
1
6
8
11
8
10
3
8
0
6
9
8
8
8
3
8
9
11
9
1
6
4
4
4
3
8
5
0
10
6
6
5
0
1
4
10
11
6
10
6
4
1
0
9
10
10
6
8
8
1
10
10
2
1
8
9
9
8
8
8
11
9
8
1
10
8
6
8
11
6
1
0
4
10
11
11
0
11
6
11
10
1
10
10
1
6
9
5
9
11
3
11
11
11
8
11
8
10
5
6
11
8
8
11
5
8
11
10
6
6
7
7
10
7
8
7
7
8
0
7
10
0
10
8
10
10
9
9
7
3
6
6
11
5
10
11
11
10
4
11
11
11
11
11
11
11
8
10
9
10
10
10
6
6
10
6
1
8
1
10
10
10
9
11
11
8
8
5
8
8
10
0
2
8
2
2
1
3
10
10
0
6
6
7
9
4
8
0
6
8
4
6
6
1
1
10
10
8
10
6
6
1
7
6
8
10
0
11
6
9
1
7
4
8
8
0
9
4
8
0
1
8
7
6
7
8
7
8
1
1
10
0
1
10
5
11
6
8
10
7
10
